KERNEL=12, MODE=0	9.76587	10.1741	10.1499	10.0342	10.0271	10.1428	10.2051	10.1951	10.041	10.1262	10.1179	9.96387	10.209	10.1821	10.022	9.74292	10.2122	9.86719	10.0857	10.2346	
KERNEL=12, MODE=1	9.81006	10.2271	10.1619	9.84814	10.3188	10.0049	10.041	9.81494	9.82886	10.1001	9.75513	10.0811	10.1992	9.76709	10.042	10.1819	9.98901	9.78003	10.1821	9.83911	
KERNEL=12, MODE=2	8.77783	8.63306	8.81982	8.59106	8.80176	8.69702	8.77832	8.82983	8.7561	8.87598	8.78271	8.625	8.65527	8.90894	8.8042	8.66797	8.65894	8.64282	8.80493	9.80591	
